Sample Number:	1	3	4	5	6	30	31	33	34	36
Group Code:	1	1	1	1	1	2	2	2	2	2
Wavenumbers	Arabica	Arabica	Arabica	Arabica	Arabica	Robusta	Robusta	Robusta	Robusta	Robusta
810.548	21.22761979	13.11832444	15.66840884	16.63495952	13.16534882	12.84792365	11.96582115	14.72062864	14.10808144	11.28165614
814.408	21.83750917	13.50708386	15.80386848	17.05526334	13.58740534	13.19835832	12.22928088	14.84984812	14.47633745	11.63945281
818.268	22.72997487	13.47349516	15.97760653	17.61049509	13.99858385	13.07441016	12.02643785	14.82216226	14.51678254	11.72189391
822.128	22.51766332	12.87142757	15.56948928	17.21159357	13.47687568	12.62261477	11.81355493	14.31573225	14.07463066	11.25167246
825.988	21.04017788	12.18191852	14.95042289	16.21789739	12.57761267	12.00883956	11.39254439	13.38916788	13.21793419	10.48700922
829.848	19.25630567	11.23947971	14.02959867	15.2877505	11.98994468	11.04303791	10.53886782	12.69072523	12.46689443	9.807705248
833.708	18.51798162	10.51567153	13.39673949	14.42413258	11.2436	10.34771279	9.852058286	12.10683902	11.72480003	9.138693806
837.568	18.34777311	10.46817847	13.09236044	13.92892074	10.69245883	10.00906702	9.375785876	11.45898858	11.07070855	8.676863888
841.428	18.04403433	10.42874158	12.78499132	13.55149857	10.46978384	9.817839153	9.099171047	11.17981257	10.70689621	8.531417413
845.288	17.73585838	10.21277075	12.82998758	13.28897886	10.37401234	9.747809841	9.155517605	11.3413281	10.56500357	8.483065573
849.148	17.63630111	10.05833091	12.86566831	13.28913812	10.36092287	9.715180154	9.192253214	11.52935488	10.74936004	8.514527932
853.008	18.03080154	10.0334065	12.86602932	13.04562155	10.21279096	9.706522599	9.312393752	11.70642232	10.94988101	8.598294249
856.867	18.23474687	9.99019017	12.88243939	12.97528579	10.01971307	9.734204084	9.304979001	11.70917009	10.98698489	8.618915166
860.727	18.2754472	9.912492846	12.51347951	13.19516531	9.944394968	9.586975247	9.020923284	11.39113724	10.94429379	8.505878752
864.587	17.65333413	9.883683854	12.17323923	13.00401911	10.07084152	9.273961813	8.731818217	10.89252375	10.47704657	8.236409913
868.447	16.70317087	9.773571441	12.0552766	13.00892016	10.12349729	8.976468232	8.431123007	10.52401862	9.942066101	7.950751727
872.307	16.2375397	9.748217936	11.86645478	13.08572901	10.03184071	8.878336081	8.262529297	10.21612679	9.843103902	7.810932092
876.167	16.1838356	9.7874758	11.73482494	12.98156366	9.989951879	8.880217767	8.2350511	10.1241416	9.762566712	7.804390037
880.027	16.45831767	9.8243296	11.79405346	13.05836737	9.951041945	8.784986473	8.175081296	10.23411607	9.583775698	7.743925312
883.887	16.58046158	9.899622859	11.98699939	13.1390087	9.996838682	8.796436845	8.121144247	10.136399	9.598755538	7.696278087
887.747	16.42611238	9.796239554	11.95600388	13.14529684	10.00122624	8.875300175	8.115255245	9.914090288	9.614680684	7.654060544
891.607	16.2445032	9.718837765	11.56258977	13.17519121	9.863139273	8.791151919	7.986678977	9.904612406	9.407339487	7.521352034
895.467	16.09567184	9.674373935	11.4544214	13.09594725	9.712869125	8.479226081	7.74302459	9.804196945	9.126315176	7.302957158
899.327	15.75614942	9.466615577	11.50842318	12.83533864	9.440090623	8.14670614	7.533738776	9.473074246	8.868655159	7.050348675
903.187	15.79168974	9.395465493	11.30670717	12.56506664	9.194064121	7.855961418	7.307967025	9.245086565	8.678987079	6.912837803
907.047	16.1326793	9.47834889	11.16053506	12.49626181	9.163159338	7.760045875	7.224014852	9.390993743	8.696785914	6.92360419
910.907	16.50832174	9.52436712	11.26849939	12.69414311	9.223191663	7.966217386	7.339561805	9.844937376	8.804309058	7.06928703
914.767	16.87148285	9.450653838	11.6084493	12.76972926	9.15570705	8.0669929	7.467100759	10.06661823	8.921858251	7.152711682
918.627	16.84265554	9.294472043	11.55223832	12.51034335	8.926925325	7.931657395	7.385252618	9.955204614	8.957796811	7.049981245
922.487	16.84565421	9.089217208	11.11115572	12.27438385	8.724297296	7.803677571	7.187627192	9.709964859	8.791674351	6.907334187
926.347	16.63445195	8.995671812	10.9585326	12.28359516	8.737969923	7.785689017	7.180036015	9.54457282	8.72027351	6.93386984
930.207	16.34911312	9.039362704	11.05653787	12.31776382	8.920364181	7.918766499	7.329386329	9.692832714	8.778014555	7.023205866
934.067	16.4368761	9.258254781	11.21793109	12.35956148	8.995442454	8.067407051	7.403929167	9.854940827	8.8062311	7.080793879
937.927	16.49143186	9.423939166	11.3352031	12.49269134	9.038830829	8.038131985	7.348417361	9.835505349	8.900943048	7.058312284
941.787	16.76419631	9.431040535	11.40127504	12.74891263	9.159365033	8.095722366	7.373579163	10.00351112	9.091167191	7.084018978
945.647	16.775461	9.573440161	11.4932727	12.90030585	9.309693244	8.337231751	7.510792088	10.21587988	9.198847483	7.24659354
949.507	17.00809767	9.770672923	11.69605604	13.10113085	9.555033086	8.522562469	7.705831582	10.44904565	9.234527354	7.430743444
953.367	17.83696866	10.14308698	12.06307355	13.60622699	9.819778667	8.820338752	8.053135668	10.84679924	9.591050446	7.73151557
957.227	18.03743583	10.62018867	12.6045315	14.16803458	10.09400623	9.282028751	8.550897626	11.36568065	10.17481694	8.115889342
961.087	18.53530806	10.93341897	13.12908103	14.76979038	10.44941879	9.912269155	8.992687112	12.13617566	10.63784775	8.588063325
964.947	19.58077034	11.19713009	13.51815522	15.17490812	10.69091384	10.53792149	9.477467129	13.09507841	11.06335644	9.181331429
968.807	20.08708752	11.49199459	14.0559521	15.58161845	10.86001162	10.90701095	10.09392719	13.82150674	11.71151497	9.804157527
972.667	20.60874872	12.00295211	14.52275637	16.09767774	11.20258464	11.53127318	10.77179949	14.66280192	12.88976303	10.40164548
976.527	21.74871562	12.60085379	15.04393521	16.60638546	11.62166227	12.42019942	11.45938823	15.72551341	13.98624815	11.0744791
980.387	22.71521053	12.87254435	15.70016952	17.50320621	12.08739496	12.9510112	12.04780325	16.70262413	14.55706805	11.71039043
984.247	23.33262879	12.88439702	15.93986179	17.78799643	12.19405458	13.01609952	12.34590599	17.03517186	14.81905085	11.89261916
988.107	23.62274115	13.14065155	16.16368549	17.37660595	12.09415554	12.96682276	12.18954768	16.82260558	14.7768578	11.85399191
991.967	23.51879681	13.53234075	16.28895457	17.64834725	12.28758939	12.83794261	11.84167185	16.93798742	14.96572321	11.82377075
995.827	23.60340367	13.69514935	16.58356291	18.08710964	12.73900066	12.90180828	11.76659483	16.80057753	14.96218617	11.77758652
999.687	24.18692049	13.93077611	16.8833823	18.2294508	13.24958088	13.1571539	11.95027615	16.4889538	14.77670065	11.82599325
1003.547	24.61565872	14.20347831	16.71948951	18.72071714	13.59958347	13.29792739	12.10701344	16.7169697	14.9691563	11.91441742
1007.407	24.57014191	14.86181977	17.02096874	19.56797253	14.02770634	13.77688928	12.5490888	17.24050011	15.41340912	12.37879919
1011.267	24.95323451	15.68304371	17.62732536	20.33878382	14.43754182	14.18679962	13.20451265	17.55420848	15.88695436	13.04910784
1015.127	25.70241532	16.24022974	18.25210899	20.83788465	15.20872747	15.02867472	13.76928835	17.99631093	16.75843242	13.65479241
1018.987	26.15681758	16.63276576	19.22697816	21.65768079	15.9887059	16.42729285	14.59222612	19.0183102	17.72491012	14.53435386
1022.847	26.58004512	17.41799978	20.06395089	22.5853155	16.881019	17.38111114	15.95922272	20.68553207	18.82387818	15.48376744
1026.707	28.14747634	18.62480614	20.97114714	23.44833749	18.36837665	18.36534251	17.29906456	22.13318242	20.16517102	16.68063987
1030.567	29.77171769	19.18385063	22.06467741	24.79889607	19.20897814	19.46824251	17.91231956	22.98671032	21.70456958	17.83917967
1034.427	30.68093729	20.13941234	22.6243897	25.44082612	19.51388327	20.30582845	18.65265449	23.16332626	23.46005645	18.43659369
1038.287	31.9150295	20.65397027	23.3961263	25.33536101	19.88067118	20.87753853	19.78299162	22.96646003	23.83697978	18.80526093
1042.147	31.97395802	20.42703055	24.164916	25.55721842	20.37272671	21.48128948	19.84228513	23.22930812	23.77683799	19.22869996
1046.007	31.62427303	20.79044783	24.82286901	26.31334197	20.64950653	21.36300439	19.7160906	24.2971342	23.89422278	19.84267187
1049.867	31.92809053	21.49122984	25.36886308	26.90831643	21.19645705	21.6968118	19.89922304	25.26857654	24.12962338	20.01331871
1053.727	31.79652837	22.29488933	25.42667897	26.66748157	21.39138791	22.88776748	19.94308263	24.99368621	24.94213705	20.46684783
1057.587	31.60483535	22.63137598	25.73956913	26.79373248	21.3797374	23.02265462	20.6710874	25.15622113	25.74775314	20.73920122
1061.447	32.3806893	22.86444806	26.41593345	27.40098527	21.89145869	23.11327984	21.37167116	25.62721225	26.19374426	20.64880883
1065.307	33.91842009	23.07099302	26.18459532	28.97334475	22.51347739	23.50416804	21.76320075	26.1810352	26.37655585	20.98228228
1069.167	36.31316214	23.75869191	26.41321413	30.03173586	22.85431104	23.63777312	21.89761048	26.6096598	27.02643092	21.43387343
1073.027	37.15383459	24.39968489	27.35776272	29.4480482	22.91958673	23.72162426	21.60809375	27.26824032	26.79334645	21.81513524
1076.887	36.31814322	24.69077279	27.78013971	29.62000632	23.54482162	23.41447737	22.40565083	28.03221687	27.20406387	22.51773745
1080.747	36.82734456	24.98896206	28.48864141	30.38581381	23.93723056	23.68170012	23.36826004	27.8677772	28.42625538	22.8515324
1084.607	37.13982886	24.7211646	28.95870651	30.31768712	24.48418613	24.49630609	23.1926567	27.58367355	28.20715225	22.89718116
1088.467	38.12349278	25.160111	29.42525964	30.05724291	25.13183343	24.80097889	22.81317629	27.82151653	28.06777398	22.57870515
1092.327	38.09054319	25.82305315	29.23358509	30.56245721	25.31950639	24.45751636	22.54930327	27.50126148	27.48030847	22.00835329
1096.187	37.3383494	25.96887132	28.53677685	31.20802965	25.19538994	24.31083492	22.17492774	26.65113744	26.71477482	21.67949177
1100.047	37.20202085	25.40247255	28.52817549	30.75166662	24.4526275	23.75359851	21.68487131	26.26257955	25.3976707	21.0223042
1103.907	36.30143226	24.55263	27.64847456	30.08049979	23.37400971	22.94198343	20.87723187	26.05220373	24.82288341	20.24253374
1107.767	35.80601478	24.16457532	26.71580777	29.84248535	22.88145433	22.57348638	20.16799022	25.99828174	24.88677982	20.05540182
1111.627	35.49294363	23.6945892	27.05064866	29.65438561	22.81801648	22.14610068	20.59181866	25.70517639	24.8668607	20.56449249
1115.487	35.66275852	23.35384572	26.94023577	30.34736058	22.73591508	22.82171762	21.38723413	26.22447049	25.76253715	20.67922155
1119.347	36.2970595	23.40872148	27.12490994	30.73604901	22.7597311	23.19512325	21.87579258	27.04514855	26.64513645	21.27123501
1123.207	37.16573623	23.73698713	27.87089348	30.13943572	22.71365667	23.31924967	21.94007827	27.61427649	26.27811103	21.51776969
1127.067	37.3031025	24.34391968	27.27558285	29.75509351	22.49164562	23.71783568	21.90895232	27.54750804	25.76337366	21.32466031
1130.927	36.6243797	23.83960034	26.65429549	29.56886892	22.25919329	22.97194095	21.73701144	27.01373432	26.05903934	20.9373863
1134.786	35.60523988	22.96277601	26.48411649	29.07157644	21.87327228	22.24592725	20.99806667	26.51654234	25.69280449	20.53381316
1138.646	34.492991	23.13912239	25.98779998	28.35857086	21.49909267	22.06483708	20.60401976	25.88882578	24.83979254	20.37891543
1142.506	34.01724021	22.82808303	26.14790613	28.07693499	21.18858822	21.79319552	20.4068942	25.71761721	24.68663843	20.11230202
1146.366	33.45268157	22.57007801	26.42756804	28.81314094	21.35937488	21.84052576	20.5088499	26.32591593	24.83698564	20.41941569
1150.226	34.18361987	23.01342334	26.26464055	29.13988808	21.85697419	22.34998356	21.45435732	27.14019544	25.37973406	20.45833868
1154.086	36.21592365	23.27182619	26.15672723	28.5295426	21.84459662	22.66038244	22.18122023	27.65254427	26.44463241	20.98366798
1157.946	36.2395838	23.08001252	27.05208483	29.02421501	21.5921352	23.17966822	21.90784476	28.02213582	26.70222715	21.82178148
1161.806	36.58756548	22.64510984	28.05829089	29.93013919	21.1669887	23.46020683	21.87607846	28.56649146	26.99363774	21.80257315
1165.666	36.04434105	22.57803757	27.51172785	29.53135069	20.73910061	23.35387449	22.14215679	28.67599327	26.64067345	21.49672645
1169.526	35.02545171	22.25880847	26.81000678	28.28039033	20.52458476	22.98730774	21.51157293	27.61195199	26.04097939	20.88242071
1173.386	34.77056477	21.79516499	26.45729217	28.26584643	20.63371333	22.65144218	20.9841193	27.5830986	26.49858981	20.52883829
1177.246	33.88634362	21.63247006	26.74510811	29.04832983	20.48434443	22.38954037	21.0865863	28.1760253	26.29034441	20.44129349
1181.106	34.51077547	21.36888113	26.89934399	28.39157847	20.0552673	22.06867608	20.88881548	28.17819459	25.61766111	20.33665644
1184.966	34.78630242	21.37228547	25.43118762	27.33834015	19.85122556	21.64810046	20.46020723	28.16530227	24.77070782	20.17591567
1188.826	34.57303902	21.09232276	24.54508668	27.18686474	19.89423778	21.49281728	20.15828195	27.04857709	24.26662025	19.99468729
1192.686	34.79388855	20.72764662	24.72830506	26.89693715	19.53549794	21.03635819	19.47220262	25.7420791	23.82487212	19.48388045
1196.546	33.54543995	20.28427571	24.356877	26.38277869	18.78898917	20.03841483	18.67510621	25.12248241	22.79286366	18.47404136
1200.406	33.16820871	19.82259299	23.70156875	26.25214559	18.49721389	19.36042823	17.95786662	24.59443	21.80690926	17.6569599
1204.266	33.29828228	19.75784238	23.79340161	25.91818559	18.236096	19.20073345	17.6765749	24.29295081	21.539772	17.17385149
1208.126	32.67707096	19.79260186	23.83613765	25.85891573	18.03349069	19.1492545	17.87799673	23.78684179	21.38017965	16.97852184
1211.986	32.37783376	19.95876933	23.51720065	25.94923586	18.22177206	18.96934195	17.92048249	23.6701619	21.03099175	16.9117279
1215.846	31.95426985	19.81655157	23.53789571	26.13125809	18.68396794	18.9653643	17.82073864	23.77158265	21.04810397	17.19222302
1219.706	32.0272184	19.51947909	23.34515775	26.32435649	18.56392349	19.20613542	17.53633334	23.5716653	20.72195156	17.52743504
1223.566	31.73812945	19.56109271	22.8921031	25.63303575	17.8436189	19.12102561	17.35741224	23.47881592	20.66372698	17.10511286
1227.426	30.97250963	19.57752617	22.95435701	24.96904583	17.72802512	18.85013672	17.55150426	23.93735563	21.02450757	16.90249509
1231.286	31.27157506	19.86501365	23.61457024	25.25750927	18.10023311	19.30803814	18.03543809	24.74580098	21.56549594	17.47172786
1235.146	32.5101617	20.38895767	24.00960102	26.46795631	18.78773702	20.20959959	19.01772686	25.17615396	22.60807442	18.46160361
1239.006	33.63406173	20.73351469	24.43881751	27.52254576	19.51236858	21.001791	20.03758436	25.92997185	23.55667835	19.27348839
1242.866	33.86633341	20.96170192	24.92617165	27.25289538	19.73628814	21.49631596	20.4068942	27.0620232	24.15636998	19.6271089
1246.726	34.25639666	21.13861096	25.23379976	27.01713111	19.87996685	21.65243283	20.6163058	27.10716571	24.97691514	19.89579919
1250.586	34.37323028	21.54894728	25.56725548	27.70098724	20.01818509	21.9787081	21.21002173	27.09832627	25.87388503	20.44551446
1254.446	34.66123856	21.98856716	26.40345127	28.05238862	20.08671485	22.84717889	21.83044645	28.05653414	26.3752479	20.933097
1258.306	35.20683188	22.57789548	27.19981868	28.1972882	20.49262475	23.21827789	22.3852427	28.7109736	26.70128184	21.53946601
1262.166	35.85651267	23.03687008	27.508365	28.9990984	20.99500291	23.45948476	22.87882926	29.60245888	27.52613527	22.00747392
1266.026	36.24117259	23.49450908	27.91046679	29.69943522	21.10981662	24.03373917	22.8243123	29.81116276	28.01052856	22.18634537
1269.886	36.83027167	23.52529588	28.08309043	30.21907527	21.44792382	24.34922311	23.13139638	30.05542545	27.97314907	22.96819943
1273.746	38.5730213	22.9421738	28.40072861	29.96133331	21.55231898	24.52330333	23.7753379	30.62286733	28.61411505	23.40329205
1277.606	38.21445481	22.95537626	28.16217429	29.39653063	21.29785311	24.7672652	23.85184102	30.60516377	29.32903492	23.23499767
1281.466	38.10782669	23.08609373	27.93552924	29.74665795	21.41657473	25.06079374	24.02083332	30.89065013	29.28385847	23.5459716
1285.326	39.00268274	23.17697931	28.61090079	30.08003229	21.62375441	25.05158699	24.28483703	31.07274751	28.89320281	24.10572063
1289.186	38.62704746	23.10537739	28.61280784	30.18674578	21.83240335	24.92916399	23.80497077	31.34562374	29.18983072	23.95700425
1293.046	38.04744536	22.71147737	28.2263274	29.90085103	21.59433655	24.20136224	23.19302262	31.10336103	28.48531163	22.96012492
1296.906	37.41328036	22.34451082	27.2973727	28.67332737	20.85125856	23.22426687	22.25748158	30.20292344	26.90424948	21.96509394
1300.766	36.38949582	22.15655047	26.35687365	28.13785908	20.31632965	22.54133207	21.21954052	28.45896847	25.84139648	21.03356124
1304.626	35.77736639	21.8208254	25.60018158	27.98818689	19.92708642	21.72611748	20.91512078	27.24995827	25.00933841	20.18956325
1308.486	34.98004942	21.32638943	24.75915145	27.67887599	19.56629164	21.21886728	20.46600965	26.83501258	23.94750566	19.57899679
1312.346	33.90388477	20.89865916	24.64518344	27.34854297	19.38820921	20.91160154	19.790145	26.37069513	23.21652767	18.94871118
1316.206	33.37044358	20.55719957	24.53840022	27.16347942	19.13913565	20.42137655	19.32099167	26.45362219	23.17441682	18.52321431
1320.066	33.49299543	20.30517345	24.13012209	27.06496518	18.8207447	20.43603389	18.71494232	25.79058667	22.96561051	17.99882151
1323.926	33.3160095	19.97579386	23.69702871	26.51020606	18.41195941	20.29569436	18.29270334	24.55701229	22.32628613	17.69602179
1327.786	32.69021787	20.08892699	23.22038703	26.34853296	18.15806408	19.95221923	18.21117538	24.49574292	21.87757996	17.50294714
1331.646	32.47633184	20.14226539	23.17842008	26.2825126	18.52867911	19.42927451	18.10704215	24.88908031	21.47086619	17.1338811
1335.506	32.85425728	20.08148462	23.65599567	26.07751604	18.54020592	19.24041991	17.95083413	24.33152195	21.06927786	17.01706732
1339.366	33.05745115	20.10495124	23.56377042	25.617824	18.15785707	19.31896993	17.7882307	23.77240804	21.06549663	16.89508487
1343.226	32.45577055	19.89596243	23.65914663	25.28428012	18.10501196	18.87792625	17.39481761	23.52834288	21.00912399	16.75815427
1347.086	32.76627244	20.01051072	23.87124548	25.56547931	18.2810748	19.06053798	17.48579411	23.75367449	21.27169911	16.93666837
1350.946	33.12662095	20.42182174	23.65219726	25.99280591	18.54703971	19.47144407	18.04840696	24.40384591	21.95762395	17.28129804
1354.806	32.90522035	20.77254238	23.92728381	26.76960739	18.67066641	19.72084573	18.54940338	24.70409406	22.45812371	17.81138601
1358.666	33.48638261	21.47009339	24.83855315	27.67111856	19.49231405	20.38847136	19.59869772	25.59188625	23.41131394	18.89268699
1362.526	34.44677999	22.28573059	26.02920187	28.26235816	20.64910513	21.38591414	21.00420071	26.74500974	24.70046746	20.03035718
1366.386	34.96829806	22.73698432	26.70027274	29.30339522	21.26334841	22.63870074	22.01078223	27.72719626	25.78918221	20.94061252
1370.246	36.62462303	23.43144358	27.15735339	29.88616842	22.12406754	23.72436666	22.49221017	28.82789688	26.51841223	21.88299451
1374.106	38.03923659	23.91862473	28.05140431	30.2642379	23.1012817	24.28406997	22.95309276	29.30257051	27.63011895	22.39064234
1377.966	38.14908524	23.91940335	28.91029246	31.62442393	23.35045876	24.70342655	23.46716423	29.20400689	28.91524223	22.91891333
1381.826	37.83610713	23.94473412	28.5420546	30.94103529	23.23029061	24.42754084	22.91523163	28.52576514	28.20419545	22.50310184
1385.686	37.10387345	24.27791589	28.31102254	29.94392276	23.23777572	24.27394308	22.57613294	28.4416529	27.50249294	21.88844547
1389.545	38.43657109	25.04176339	30.26110227	31.17398942	24.06200843	25.03780837	23.51741433	30.04727031	27.9035784	23.1608372
1393.405	39.83573327	25.47124982	30.65382184	31.38603959	24.67316173	25.59386895	23.9402855	30.73007287	28.49007926	23.41187514
1397.265	40.7633242	26.24066703	29.68749124	31.33968508	24.54330964	25.68298341	23.84802338	30.53516077	29.52051625	23.01352333
1401.125	41.43226376	26.29686417	29.49244207	32.48073137	24.73569582	25.52884546	24.02841306	30.00428651	29.87223303	23.53650466
1404.985	40.9899349	26.14343312	29.81445548	32.9539347	24.55882767	25.68550253	24.27305902	30.41270315	29.41212033	23.56439241
1408.845	41.91992334	26.70733974	30.48840262	32.45443316	24.23011913	26.1693388	24.34178964	30.91188453	28.68751771	23.21209712
1412.705	43.10164975	26.5731469	30.46420345	32.33150612	24.48069729	25.66863218	23.90271187	30.90384932	28.55423921	22.96012492
1416.565	41.3195882	26.17277351	30.19024308	32.51137579	24.50472284	24.89639565	23.35577307	30.59996451	28.37269689	22.90795202
1420.425	40.10773911	25.3317544	29.67025321	32.39136678	24.34770726	24.39197608	22.71602491	29.05717555	27.48221358	22.37139144
1424.285	40.24016008	25.03259612	28.95446076	32.10700296	23.8198242	23.75615364	21.72060391	28.48429808	26.86141817	21.47813312
1428.145	41.31366958	24.95760692	28.74916216	31.38582896	22.86756713	23.28973872	21.23150148	28.25729099	26.21218378	20.9668614
1432.005	40.85336302	24.25400312	29.31865693	30.82210513	22.38776041	22.73145974	21.40083356	28.25206352	25.90498827	20.58497898
1435.865	38.44163805	23.88985552	29.05112404	31.05470478	21.99622747	22.0275743	21.27973249	27.40690593	25.66388199	20.62083594
1439.725	37.92441402	23.70104835	27.97244995	30.63533083	21.59538422	22.18592939	20.88020169	26.86885359	25.31101199	20.4218768
1443.585	38.18023133	23.45577124	27.27325201	30.07979084	21.42770772	22.32958753	20.76110827	27.26296699	24.92473713	20.13537733
1447.445	37.81988998	23.02895883	27.21655052	30.20983313	21.11020792	22.06482267	21.04006726	27.11795223	25.03424276	20.3453762
1451.305	36.80883726	22.52673096	27.44505946	29.69591613	20.8479944	22.0094435	21.0635661	27.13487273	24.57370697	19.88856036
1455.165	36.11962985	22.36345917	26.83360951	28.83372639	20.3219012	21.68591243	20.78043334	27.414599	23.63198371	19.39790283
1459.025	35.4191148	22.01288914	25.93357453	27.79736948	19.54250592	20.86586128	19.97502536	26.05454939	22.58971469	18.77225491
1462.885	35.15625526	21.30871132	24.80569376	27.09354951	19.15392915	19.8365811	18.49932808	24.48300933	21.83034608	18.11685968
1466.745	33.36256402	20.25754399	23.17338562	26.14210308	18.31687204	18.74701856	17.45111843	23.59184857	20.95417051	17.0882189
1470.605	31.28700497	19.22400931	22.02724658	24.72340239	17.35957105	17.70676878	16.72329824	22.51081271	19.76315235	15.8963191
1474.465	29.59732965	18.14095545	20.5589254	23.32950493	16.34650159	16.54067476	15.51450588	20.93355135	18.53333553	14.86374972
1478.325	28.26101787	17.13987848	19.43410534	22.76993724	15.42868611	15.56728514	14.39864703	19.6742523	17.02000663	13.82435263
1482.185	26.98449341	16.32553994	18.70114549	21.9843971	14.50368593	14.91245138	13.60676497	18.82076673	15.98046231	13.0212705
1486.045	26.28627567	15.63002357	17.69553587	21.18429251	13.92397513	14.40544067	13.18544405	18.22433741	15.55943597	12.62729648
1489.905	26.10916807	15.61036196	17.26573079	20.83310176	13.95019699	14.21615211	13.15126987	18.37869602	15.45635891	12.73874219
1493.765	25.31819196	15.65665299	17.71307605	20.75228576	13.92345256	14.19545717	13.31144908	18.81999425	15.66109386	12.88736
1497.625	25.25592125	15.42408957	17.81129715	20.73755178	13.86065087	14.37510322	13.39764414	18.9948677	15.54638301	12.74457179
1501.485	25.3426966	15.48708118	17.35755188	20.4698947	13.9588686	14.47517828	13.28059104	19.05251453	15.42076607	12.69267447
1505.345	25.27068559	15.63865945	17.31549076	20.74364984	13.86514951	14.34600282	13.29748864	19.08815447	15.75887141	12.6860484
1509.205	26.4592753	16.30776236	18.61685452	21.42129489	14.34194956	15.10578421	14.15430492	20.29728812	16.97300968	13.32152173
1513.065	27.64117348	16.64889232	19.52117449	21.598339	14.82326087	16.15938945	15.01894924	21.34525544	17.96814878	14.3378099
1516.925	28.28270276	17.03938517	19.84609556	22.3549917	14.86719706	16.57373841	15.59876516	22.18403565	18.77103532	14.98937735
1520.785	27.78056511	17.44028995	20.16178744	22.72308441	15.0288173	16.64674961	16.11554182	22.66258933	19.23664095	15.30154767
1524.645	28.00469958	17.52485562	20.48463665	22.49047961	15.36590714	16.92440716	15.99601223	22.45046749	19.30015054	15.47490766
1528.505	28.6548384	17.31174353	20.21673098	22.6286852	15.33279595	16.64471126	15.38997432	21.88379808	18.94902609	15.2794335
1532.365	28.01856217	17.14825861	19.49279235	22.90106866	15.13226577	16.38739932	15.25218148	20.93417921	18.06479728	14.78082245
1536.225	26.74225241	17.19731176	19.00725109	22.62973836	15.03570663	16.25914039	15.01949321	20.1778922	17.47080891	14.43752472
1540.085	26.47314505	17.3364406	19.05963227	22.47698888	15.03871835	16.16779492	14.72054919	19.82268503	17.18084166	14.35031486
1543.945	28.00394812	18.12227706	20.01700835	23.52140633	15.80472122	16.74422632	15.56380524	20.76638507	17.90380268	14.8894609
1547.805	28.59429962	18.45707006	20.97322685	23.66287928	16.46011112	17.46557811	16.57572525	21.90819296	19.20362293	16.00756765
1551.665	29.79033234	19.20125026	21.79030109	23.892602	17.09038237	18.63221413	17.30779597	22.95830136	20.68877155	17.24286458
1555.525	30.31696748	20.00919217	22.05422785	24.70272961	17.74757475	19.95538658	17.88383019	23.42462938	21.73671967	18.05427327
1559.385	30.83787007	20.41135014	22.34178873	25.5900154	18.33227394	19.94278739	18.71952447	23.86376537	21.87602782	18.67181195
1563.245	32.4813988	21.26125804	23.74096549	27.20017567	19.14525249	19.91956073	19.4281764	24.5270231	22.72693399	19.23881102
1567.105	33.17542985	21.78045928	24.80621172	28.11076458	19.89316487	20.82439577	19.8838659	24.93847676	23.64047696	19.44441416
1570.965	34.00767882	22.60204127	26.03666528	28.21190402	21.06373209	22.00847835	20.40832521	26.17834033	24.69897576	20.09253583
1574.825	35.01603345	23.30996159	26.81998154	28.84824461	21.99586142	22.76326292	21.21732704	27.40102591	25.7926298	21.11490901
1578.685	36.9499966	24.60453336	27.74539289	30.22551753	23.60929452	24.17323959	22.441898	28.74969994	27.84461885	22.69239241
1582.545	37.86847702	25.48746732	28.75436535	30.68364268	24.90019651	25.3683908	23.34766405	29.45513372	29.71337806	24.00741056
1586.405	38.69654646	26.40285614	30.00866884	31.46538116	25.20434682	26.34998061	24.48710341	30.45326369	31.02262961	24.97703506
1590.265	39.20445959	26.94902212	31.24812793	32.33578041	25.44846733	26.97226211	25.68444775	31.62754046	32.10969793	26.25541994
1594.125	40.7235471	27.47434151	31.91052288	33.27027352	26.47562596	27.57101984	27.14110093	32.72199068	33.16934754	27.12778625
1597.985	42.15842852	29.22520532	31.71643508	34.14871789	27.1662047	28.91592081	28.1549126	33.80455034	33.54417717	27.8848197
1601.845	42.4122348	30.34475209	32.21361879	35.05860299	27.92884496	29.85270669	28.86271508	34.79245463	34.27028115	28.98370805
1605.705	43.66223641	31.28307331	34.20689367	36.60633905	28.99715526	29.96234323	29.19196827	35.1916403	36.01827568	29.69607741
1609.565	45.78824326	31.87428566	35.32660864	38.03541723	29.44607739	29.58686324	29.20519362	35.02162396	36.80586567	29.16257166
1613.425	47.13223421	31.68286983	34.728253	38.10676505	29.97978445	29.25084462	29.27308294	35.27555854	36.72442911	28.28222718
1617.285	47.12416142	31.30759136	35.1581758	37.91383105	30.41730851	28.88685102	29.1129707	35.35372725	35.55499101	28.34916002
1621.145	45.6981114	31.24591261	35.41629508	38.62856279	29.86432699	29.07779078	28.89977577	35.45779348	34.16889887	27.78806337
1625.005	43.27059152	30.88186447	35.25010676	38.43398996	28.10215863	29.29622116	28.35440193	34.9796913	33.55738728	26.6671404
1628.865	42.25298324	29.97051368	34.80782735	37.68546459	27.10015653	28.51025822	27.49144834	34.54489743	33.55106509	25.84552879
1632.725	43.6563679	29.15969882	34.28530652	37.02676102	27.11923408	27.93957811	27.10096423	35.23668405	32.38819095	25.89792796
1636.585	46.02747843	28.36854842	35.27904217	37.14350266	27.2742225	28.72713643	27.18992982	35.2519573	32.19259234	26.49470458
1640.445	47.79167678	29.01981977	34.93804849	36.78215019	28.14074291	28.83441771	28.79476368	34.98920093	34.18469588	28.17253348
1644.304	47.27534018	29.23685339	33.34894727	37.28884406	28.56222385	29.04175425	29.82388676	36.69275762	34.13758772	29.33294516
1648.164	45.64115098	29.61370331	34.43150609	38.02988428	29.44959905	31.24012654	30.2780652	38.5086415	34.85380346	29.96705406
1652.024	45.30557191	30.66448985	35.86426818	38.85212067	28.90348414	30.76352351	31.17656679	38.3392248	35.29789672	29.92748695
1655.884	47.76148969	31.90334188	34.91166366	40.66424644	28.4481902	31.14762324	32.79167087	39.32568642	36.24149367	31.37748876
1659.744	49.63511445	31.8241271	35.93036759	38.93152903	28.90958077	32.53822125	32.96987321	39.26972918	37.97664315	32.77340436
1663.604	47.46256024	30.68362291	35.43324666	37.97687688	28.28776909	32.47244149	31.51285575	39.54187525	36.57506589	31.8438085
1667.464	42.8412736	29.18780592	32.3954834	36.62062608	27.06249116	31.27750816	29.87709687	37.47119614	33.60490403	29.00261504
1671.324	40.05035645	27.89583429	29.32810587	33.64997155	24.62683737	28.63700279	27.98562463	33.81880772	31.25496702	26.27735263
1675.184	39.2996441	26.64544218	28.40438968	32.48843742	23.36915512	26.46767688	25.89433145	32.83236374	29.4941613	24.32505425
1679.044	39.03382168	25.75782513	28.78688728	32.26693963	23.137137	25.25060089	25.24583718	32.55432353	28.52215682	23.52859706
1682.904	38.87713223	25.06239117	28.33665397	31.53588646	22.52537025	25.2094469	25.23077898	31.29895742	28.22228199	23.47677256
1686.764	39.39745513	25.149503	28.84955321	31.46850469	21.96997784	25.57826806	25.71144731	31.29621318	29.04765038	23.77270759
1690.624	40.61943099	25.79360477	29.80355466	32.37251262	22.4850971	26.87729011	26.92825884	32.71162744	30.52734959	24.85863505
1694.484	41.60842667	26.16579149	30.19578766	33.62494227	23.45591673	27.96129403	28.10730398	34.55695025	31.82746237	26.16979406
1698.344	41.75945514	27.16831203	31.45544738	34.50958745	24.73856111	28.40181731	28.65851945	37.2454483	33.16691053	27.74318644
1702.204	44.52042138	28.22258248	33.03957692	35.50005736	25.98407028	30.11552504	30.05953831	38.56546999	35.37668836	29.43649671
1706.064	44.99736734	29.10165743	34.07274463	36.55205244	26.29982314	30.81155961	31.46420655	39.54642548	35.93291283	30.48095717
1709.924	43.58887278	28.62756508	34.10498796	36.60576366	25.53554702	30.52119123	29.85142376	39.12271795	33.48280238	28.7763753
1713.784	41.93867397	26.63235054	31.93610329	34.93871727	23.60543458	28.20243067	26.61744043	36.55203911	29.93774686	25.64628175
1717.644	36.46631616	24.17990621	27.94848229	31.62850814	21.48865896	23.37178741	22.26221565	30.3999484	25.3412642	21.6148576
1721.504	33.07146403	21.97918392	25.46863807	28.84984233	19.72642749	19.83103688	18.31498354	25.92312182	21.46327473	18.37888357
1725.364	31.61228551	20.35453635	23.59057903	26.87440464	18.03104446	17.88211306	15.5771727	22.52728877	18.77616802	15.83612995
1729.224	28.39944334	18.36746039	21.25071488	24.41717906	16.2114743	15.74289772	13.66041614	19.06523753	16.15902365	13.4365174
1733.084	25.18273653	16.43996319	19.31144963	22.29137049	14.75182543	13.7741919	12.04122651	16.4160831	14.00476261	11.72188831
1736.944	22.55446322	15.11401638	16.68172907	20.31049232	13.44130817	11.9403354	10.21448755	13.86261754	11.93955861	10.11417031
1740.804	20.20029267	13.89442244	14.61626869	18.45964103	12.17875619	10.5711688	8.979533647	12.07049362	10.4603236	8.876769616
1744.664	17.86218182	12.21597042	13.08883671	16.44689061	10.97550442	9.196207686	7.825797328	10.48197309	9.138700863	7.71614734
1748.524	16.34589975	11.05487255	11.87739091	14.89140739	10.11926373	8.121311489	7.018456834	9.323636231	8.205867354	6.84081246
1752.384	14.80227897	10.28832829	10.71892666	13.45841453	9.391304893	7.280849899	6.346409826	8.336328053	7.423978216	6.174888331
1756.244	13.82724608	9.926820617	9.971306823	12.56922791	8.883574817	6.844243038	5.925214694	7.684304799	6.929353378	5.814731367
1760.104	13.26375378	9.844144663	9.453121985	12.17282315	8.643874681	6.611452429	5.69916687	7.248226991	6.699361097	5.614065013
1763.964	12.77830563	9.963753984	9.199876292	12.0386093	8.799575003	6.513167223	5.667514914	7.067071404	6.66643978	5.6138925
1767.824	12.48862983	10.09790136	8.989774738	11.96467224	8.987611492	6.509821604	5.745576452	6.940031807	6.6427902	5.710741808
1771.684	12.29132594	10.36619611	8.863885676	12.08379763	9.158125509	6.582778783	5.857763162	6.89347837	6.693152538	5.825631058
1775.544	12.24658922	10.66225412	8.794917839	12.17792456	9.307999313	6.645870168	5.934924604	6.929382858	6.801135038	5.892986226
1779.404	11.93777632	10.47011366	8.539455099	12.03003503	9.202950318	6.551476179	5.860662739	6.815126233	6.693580464	5.836437773
1783.264	11.32425133	9.98990316	8.125342005	11.59158088	8.785998307	6.259436786	5.671438738	6.578694171	6.433314207	5.606280639
1787.124	10.54015999	9.186513626	7.547885478	10.66250256	8.093957887	5.735303638	5.259638237	6.160157676	5.953877128	5.177558676
1790.984	9.543177402	8.090262981	6.867993506	9.453915251	7.199342452	5.108655543	4.692191664	5.589562373	5.304062502	4.627153358
1794.844	8.423764636	6.70230779	6.039127709	8.1034029	6.022572567	4.329072332	4.000443863	4.921151238	4.538922934	3.889783036
1798.704	7.497397505	5.573391988	5.338544601	6.978493103	5.06817978	3.682714256	3.411120587	4.375578673	3.900867821	3.273467628
1802.564	6.676735276	4.63651719	4.762638046	5.960964655	4.228126104	3.138790098	2.907601946	3.900450016	3.385912855	2.75963509
1806.424	6.074067042	3.975035671	4.344965904	5.262184453	3.626323508	2.75511352	2.548047756	3.550181078	3.01618207	2.391249026
1810.284	5.679666809	3.522383827	4.058892212	4.806720463	3.238042107	2.502978464	2.305855409	3.30982312	2.757644442	2.151636158
1814.144	5.4282151	3.211793449	3.873386152	4.477327583	2.962443752	2.323978853	2.141283536	3.12715079	2.581619234	1.987610917
1818.004	5.219718085	3.024478165	3.732354458	4.25778199	2.788675669	2.209991926	2.035407288	3.012562597	2.47009244	1.882940268
1821.864	5.04472888	2.885443092	3.605158711	4.10055272	2.657705232	2.124597616	1.94916159	2.924566795	2.376030843	1.798586958
1825.724	4.952328339	2.787100934	3.515083796	3.9894776	2.560179211	2.06188797	1.888736021	2.850983581	2.307451414	1.737256307
1829.584	4.871249745	2.703720242	3.463628673	3.889807446	2.485696717	2.006564615	1.839814016	2.80244074	2.262429694	1.69371467
1833.444	4.787487377	2.64031943	3.421128067	3.803802701	2.439450622	1.956378532	1.799429022	2.755047803	2.223611697	1.654279742
1837.304	4.717866707	2.579765986	3.369982938	3.732367544	2.385893609	1.914943636	1.761344088	2.704547306	2.178887349	1.614429213
1841.164	4.68045848	2.529721089	3.321780792	3.68414817	2.330741119	1.889696639	1.727313662	2.668141939	2.133686722	1.583440706
1845.024	4.624185112	2.496413711	3.278734754	3.648201978	2.300303368	1.860376557	1.702648464	2.633845904	2.106964293	1.556816556
1848.884	4.573243507	2.45830957	3.262724923	3.614567604	2.265859253	1.830154347	1.681864616	2.615923642	2.088396641	1.541065213
1852.744	4.567017152	2.427249964	3.232015872	3.573227171	2.224020914	1.81613624	1.660141469	2.599218302	2.070235156	1.525500945
1856.604	4.530374695	2.400120407	3.199227111	3.528562859	2.200207418	1.80353885	1.643067448	2.573056244	2.051121113	1.505772839
1860.464	4.467982323	2.37250208	3.17350936	3.493397548	2.183417049	1.78111348	1.623436897	2.548544967	2.027340979	1.489433383
1864.324	4.417412868	2.348228415	3.139139236	3.464828622	2.158283246	1.756927069	1.600787518	2.51970568	2.004675389	1.467049247
1868.184	4.390396213	2.315335923	3.110725712	3.435586701	2.128426127	1.73535521	1.578842206	2.48971649	1.982150023	1.446104587
1872.044	4.357231926	2.293793116	3.100813743	3.413824793	2.112590013	1.720825717	1.558368736	2.466217551	1.964890326	1.429431307
1875.904	4.299970929	2.273844495	3.07567674	3.379193768	2.087229007	1.702536454	1.536998439	2.436341235	1.940273682	1.409791698
1879.764	4.271923704	2.25448126	3.04601539	3.342548894	2.061173766	1.678598533	1.518782555	2.416669428	1.915644949	1.394989177
1883.624	4.251176344	2.236715052	3.020124984	3.310964331	2.044999372	1.655940879	1.500453956	2.382475684	1.896521234	1.374872356
1887.484	4.219550754	2.214228806	2.987410779	3.281866256	2.023647252	1.63818641	1.479995188	2.342705264	1.876391772	1.354230154
1891.344	4.168709344	2.196218213	2.963815899	3.263161084	2.008714906	1.619911553	1.456238252	2.317576708	1.852087006	1.336329118
1895.204	4.129132627	2.181646057	2.95481037	3.241584122	1.990086709	1.601543061	1.440667111	2.289432301	1.830726953	1.323716618
1899.064	4.1053365	2.164601637	2.942520471	3.213549483	1.965167488	1.587933703	1.426316242	2.261919283	1.81321582	1.310220267
1902.924	4.078105142	2.146423384	2.909017546	3.183819511	1.953658347	1.573369997	1.410459227	2.241855944	1.798813802	1.297513668
1906.784	4.051911511	2.13325502	2.880988572	3.157356908	1.94244962	1.560839232	1.399019371	2.223729098	1.78399111	1.289222957
1910.644	4.042686486	2.121558649	2.876201318	3.146583839	1.930311882	1.554715201	1.389500588	2.208748612	1.776107111	1.27704622
